# Created by Octave 4.2.1, Mon Dec 04 18:21:51 2017 GMT <unknown@unknown>
# name: ans
# type: scalar
0.1306864805390419


# name: e
# type: matrix
# rows: 1
# columns: 3
 0 794.7023535338897 0.7609818867800999


# name: ex1data2
# type: matrix
# rows: 47
# columns: 3
 2104 3 399900
 1600 3 329900
 2400 3 369000
 1416 2 232000
 3000 4 539900
 1985 4 299900
 1534 3 314900
 1427 3 198999
 1380 3 212000
 1494 3 242500
 1940 4 239999
 2000 3 347000
 1890 3 329999
 4478 5 699900
 1268 3 259900
 2300 4 449900
 1320 2 299900
 1236 3 199900
 2609 4 499998
 3031 4 599000
 1767 3 252900
 1888 2 255000
 1604 3 242900
 1962 4 259900
 3890 3 573900
 1100 3 249900
 1458 3 464500
 2526 3 469000
 2200 3 475000
 2637 3 299900
 1839 2 349900
 1000 1 169900
 2040 4 314900
 3137 3 579900
 1811 4 285900
 1437 3 249900
 1239 3 229900
 2132 4 345000
 4215 4 549000
 2162 4 287000
 1664 2 368500
 2238 3 329900
 2567 4 314000
 1200 3 299000
 852 2 179900
 1852 4 299900
 1203 3 239500


# name: i
# type: scalar
100


# name: j
# type: matrix
# rows: 100
# columns: 1
 20141.28872190836
 0.4879176052920901
 0.1790780637308581
 0.1555443620637055
 0.1434567275793604
 0.1372469440747938
 0.1340567899580217
 0.1324179109173384
 0.1315759689569952
 0.131143437781315
 0.1309212333674696
 0.1308070802045072
 0.1307484362539982
 0.1307183090735796
 0.130702831824985
 0.130694880691795
 0.1306907959529198
 0.1306886974983622
 0.130687619458452
 0.1306870656365721
 0.1306867811214333
 0.1306866349573557
 0.1306865598684249
 0.130686521292958
 0.1306865014755678
 0.1306864912947719
 0.1306864860645875
 0.1306864833776827
 0.130686481997338
 0.130686481288213
 0.1306864809239139
 0.1306864807367624
 0.1306864806406169
 0.1306864805912241
 0.1306864805658496
 0.1306864805528138
 0.130686480546117
 0.1306864805426766
 0.1306864805409092
 0.1306864805400011
 0.1306864805395348
 0.1306864805392951
 0.1306864805391721
 0.1306864805391088
 0.1306864805390764
 0.1306864805390596
 0.1306864805390511
 0.1306864805390466
 0.1306864805390444
 0.1306864805390433
 0.1306864805390426
 0.1306864805390423
 0.1306864805390422
 0.1306864805390421
 0.130686480539042
 0.1306864805390419
 0.130686480539042
 0.1306864805390419
 0.130686480539042
 0.1306864805390419
 0.130686480539042
 0.130686480539042
 0.1306864805390419
 0.130686480539042
 0.130686480539042
 0.130686480539042
 0.130686480539042
 0.1306864805390419
 0.1306864805390419
 0.130686480539042
 0.130686480539042
 0.130686480539042
 0.130686480539042
 0.1306864805390419
 0.130686480539042
 0.1306864805390419
 0.130686480539042
 0.130686480539042
 0.130686480539042
 0.130686480539042
 0.1306864805390419
 0.1306864805390419
 0.130686480539042
 0.130686480539042
 0.130686480539042
 0.130686480539042
 0.130686480539042
 0.130686480539042
 0.130686480539042
 0.130686480539042
 0.1306864805390419
 0.130686480539042
 0.130686480539042
 0.130686480539042
 0.130686480539042
 0.1306864805390419
 0.130686480539042
 0.130686480539042
 0.130686480539042
 0.1306864805390419


# name: t
# type: matrix
# rows: 1
# columns: 3
 1 2000.68085106383 3.170212765957447


# name: theta
# type: matrix
# rows: 3
# columns: 1
 -8.503835933299071e-017
 0.8847659878549492
 -0.05317881966327646


# name: x
# type: matrix
# rows: 47
# columns: 3
 1 0.1300098690745405 -0.2236751871685913
 1 -0.5041898382231769 -0.2236751871685913
 1 0.502476363836692 -0.2236751871685913
 1 -0.7357230646969468 -1.537766911784067
 1 1.257476015381594 1.090416537446884
 1 -0.01973172848186497 1.090416537446884
 1 -0.5872397998931161 -0.2236751871685913
 1 -0.7218814044186236 -0.2236751871685913
 1 -0.7810230437896409 -0.2236751871685913
 1 -0.6375731099961096 -0.2236751871685913
 1 -0.07635670234773261 1.090416537446884
 1 -0.0008567371932424295 -0.2236751871685913
 1 -0.1392733399764744 -0.2236751871685913
 1 3.117291823687202 2.40450826206236
 1 -0.9219563120780225 -0.2236751871685913
 1 0.3766430885792084 1.090416537446884
 1 -0.856523008944131 -1.537766911784067
 1 -0.9622229601604173 -0.2236751871685913
 1 0.7654679091248329 1.090416537446884
 1 1.296484330711414 1.090416537446884
 1 -0.2940482685431793 -0.2236751871685913
 1 -0.1417900054816241 -1.537766911784067
 1 -0.4991565072128776 -0.2236751871685913
 1 -0.04867338179108621 1.090416537446884
 1 2.377392165173198 -0.2236751871685913
 1 -1.133356214510595 -0.2236751871685913
 1 -0.6828730890888036 -0.2236751871685913
 1 0.6610262906611214 -0.2236751871685913
 1 0.2508098133217248 -0.2236751871685913
 1 0.8007012261969283 -0.2236751871685913
 1 -0.2034483103577911 -1.537766911784067
 1 -1.259189489768079 -2.851858636399542
 1 0.04947657290975102 1.090416537446884
 1 1.429867602484346 -0.2236751871685913
 1 -0.2386816274298865 1.090416537446884
 1 -0.7092980768928753 -0.2236751871685913
 1 -0.9584479619026928 -0.2236751871685913
 1 0.1652431861466359 1.090416537446884
 1 2.78635030976002 1.090416537446884
 1 0.202993168723881 1.090416537446884
 1 -0.4236565420583874 -1.537766911784067
 1 0.2986264579195686 -0.2236751871685913
 1 0.7126179335166897 1.090416537446884
 1 -1.007522939253111 -0.2236751871685913
 1 -1.445422737149154 -1.537766911784067
 1 -0.1870899845743182 1.090416537446884
 1 -1.003747940995387 -0.2236751871685913


