# Created by Octave 4.2.1, Mon Dec 04 12:29:09 2017 GMT <unknown@unknown>
# name: y
# type: matrix
# rows: 100
# columns: 1
 22.23843179530877
 9.109373792878619
 23.1926520021854
 30.80194804695077
 34.34849189100605
 49.56920560982029
 45.80528117457606
 42.77035445579212
 58.06129473459959
 45.40088860228189
 53.98553166837555
 61.40227752854705
 68.13932746382528
 79.6019962591743
 90.31425293518119
 76.52766043645083
 98.57959700612727
 101.5309568180493
 114.3513980747847
 93.72103892789664
 125.7484444549789
 106.4773788296465
 133.8047677575981
 135.02168323112
 132.2623030211826
 129.6904156387429
 136.7251305581363
 149.4065663624709
 139.2326008182479
 175.6598236584223
 175.9365450170172
 166.7386927899867
 170.0712580727728
 186.6326028082087
 192.6136845974009
 184.7715374117868
 189.9576184084324
 199.7585420932076
 204.7529235638828
 218.9886216706161
 209.6209156731196
 212.0809116056279
 244.6595086831298
 227.3715885138516
 245.9132987870741
 243.411310132499
 258.3482966408613
 236.5932628597365
 247.0470219013291
 241.4918467891788
 259.1417429091356
 265.3705587862069
 295.6308044209849
 291.6024088593413
 288.455638339173
 287.2796078801088
 290.7004133339932
 294.2483307796297
 299.8131569495275
 305.4490548824838
 299.9565575272102
 312.9591403055843
 311.6269922218663
 309.5360829733417
 335.4012587435501
 329.426670119841
 350.0208733328699
 343.8392926076492
 376.4913418530516
 353.1809365217441
 356.405187555551
 395.0224298078105
 392.6642261731189
 380.0826856354726
 382.8656171909198
 392.0411097075321
 410.5645996412848
 409.0396052816555
 414.3776807406903
 395.461713812101
 393.4123090599654
 436.8258381091209
 429.8758037032449
 432.3441367449295
 434.0966508233184
 439.1128786783146
 457.8763481240766
 463.1134609442187
 443.7111890935116
 456.2784590838378
 462.1212238373049
 471.3019061287384
 494.0260287802697
 489.4187511038755
 476.9463912483966
 488.1970708326484
 480.5078898004301
 487.1859662437942
 505.619905487398
 490.7301679473605


